9.68    9.66    9.84    9.59     50.00   50.00   50.00   50.00
9.68    9.66    9.81    9.60     50.00   50.00   50.00   50.00
9.68    9.66    9.66    9.63     50.00   50.00   50.00   50.00
9.68    9.66    9.71    9.67     50.00   50.00   50.00   50.00
9.68    9.66    9.56    9.71     50.00   50.00   50.00   50.00
9.68    9.66    9.62    9.74     50.00   50.00   50.00   50.00
9.68    9.66    9.79    9.77     50.00   50.00   50.00   50.00
9.68    9.66    9.67    9.77     50.00   50.00   50.00   50.00
9.68    9.66    9.53    9.76     50.00   50.00   50.00   50.00
9.68    9.66    9.81    9.73     50.00   50.00   50.00   50.00
9.67    9.65    9.63    9.69     50.00   50.00   50.00   50.00
9.68    9.66    9.83    9.66     50.00   50.00   50.00   50.00
9.68    9.66    9.68    9.63     50.00   50.00   50.00   50.00
9.68    9.66    9.63    9.61     50.00   50.00   50.00   50.00
9.68    9.66    10.01   9.60     50.00   50.00   50.00   50.00
9.68    9.66    10.00   9.60     50.00   50.00   50.00   50.00
9.68    9.66    9.52    9.61     50.00   50.00   50.00   50.00
9.68    9.66    9.31    9.63     50.00   50.00   50.00   50.00
9.68    9.66    9.85    9.65     50.00   50.00   50.00   50.00
9.68    9.67    9.81    9.69     50.00   50.00   50.00   50.00
9.68    9.67    9.55    9.72     50.00   50.00   50.00   50.00
9.68    9.67    9.53    9.76     50.00   50.00   50.00   50.00
9.68    9.66    9.44    9.78     50.00   50.00   50.00   50.00
9.68    9.66    9.68    9.78     50.00   50.00   50.00   50.00
9.68    9.67    9.68    9.75     50.00   50.00   50.00   50.00
9.68    9.66    9.76    9.70     50.00   50.00   50.00   50.00
9.68    9.66    9.74    9.64     50.00   50.00   50.00   50.00
9.68    9.66    9.34    9.58     50.00   50.00   50.00   50.00
9.68    9.66    9.69    9.54     50.00   50.00   50.00   50.00
9.68    9.66    10.05   9.52     50.00   50.00   50.00   50.00
9.68    9.67    9.83    9.53     50.00   50.00   50.00   50.00
9.68    9.67    9.57    9.55     50.00   50.00   50.00   50.00
9.68    9.67    9.63    9.58     50.00   50.00   50.00   50.00
9.68    9.67    9.61    9.61     50.00   50.00   50.00   50.00
9.68    9.67    9.49    9.62     50.00   50.00   50.00   50.00
9.68    9.66    9.66    9.63     50.00   50.00   50.00   50.00
9.68    9.66    9.17    9.63     50.00   50.00   50.00   50.00
9.68    9.66    9.56    9.64     50.00   50.00   50.00   50.00
9.68    9.66    9.82    9.64     50.00   50.00   50.00   50.00
9.68    9.66    9.50    9.65     50.00   50.00   50.00   50.00
9.68    9.66    9.43    9.66     50.00   50.00   50.00   50.00
9.68    9.66    9.65    9.65     50.00   50.00   50.00   50.00
9.68    9.66    9.36    9.64     50.00   50.00   50.00   50.00
9.68    9.66    9.63    9.60     50.00   50.00   50.00   50.00
9.68    9.66    9.93    9.56     50.00   50.00   50.00   50.00
9.68    9.66    9.83    9.51     50.00   50.00   50.00   50.00
9.68    9.66    9.40    9.47     50.00   50.00   50.00   50.00
9.68    9.66    9.71    9.45     50.00   50.00   50.00   50.00
9.68    9.66    9.56    9.45     50.00   50.00   50.00   50.00
9.68    9.66    10.20   9.46     50.00   50.00   50.00   50.00
9.68    9.66    9.56    9.50     50.00   50.00   50.00   50.00
9.68    9.66    9.57    9.54     50.00   50.00   50.00   50.00
9.68    9.66    9.56    9.58     50.00   50.00   50.00   50.00
9.68    9.66    9.74    9.61     50.00   50.00   50.00   50.00
9.69    9.66    9.39    9.64     50.00   50.00   50.00   50.00
9.69    9.66    9.87    9.66     50.00   50.00   50.00   50.00
9.69    9.67    9.74    9.67     50.00   50.00   50.00   50.00
9.69    9.67    10.
